$ Start               <date> 2002-11-20, 2002-12-12, 2003-02-04, 2003-02-17, 2003-04-16, 2003-04-25, 2003-04-11, 2003-05-14, 2003-08-25, 2003-09-10, 2...
$ End                 <date> 2002-12-12, 2003-02-04, 2003-02-17, 2003-04-11, 2003-04-25, 2003-05-14, 2003-08-25, 2003-09-10, 2003-11-04, 2003-12-01, 2...
$ Init.Qty            <dbl> 10000, -10000, 10000, -10000, 10000, -10000, 10000, 10000, 10000, 10000, 10000, 10000, 10000, 10000, 10000, 10000, 10000, ...
$ Init.Pos            <dbl> 10000, -10000, 10000, -10000, 10000, -10000, 10000, 10000, 10000, 10000, 10000, 10000, 10000, 10000, 10000, 10000, 10000, ...
$ Max.Pos             <dbl> 10000, -10000, 10000, -10000, 10000, -10000, 10000, 10000, 10000, 10000, 10000, 10000, 10000, 10000, 10000, 10000, 10000, ...
$ End.Pos             <dbl> 0, 0, 0, 0, 0, 0, 0, 0, 0, 0, 0, 0, 0, 0, 0, 0, 0, 0, 0, 0, 0, 0, 0, 0, 0, 0, 0, 0, 0, 0, 0, 0, 0, 0, 0, 0, 0, 0, 0, 0, 0,...
$ Closing.Txn.Qty     <dbl> -10000, 10000, -10000, 10000, -10000, 10000, -10000, -10000, -10000, -10000, -10000, -10000, -10000, -10000, -10000, -1000...
$ Num.Txns            <int> 2, 2, 2, 2, 2, 2, 2, 2, 2, 2, 2, 2, 2, 2, 2, 2, 2, 2, 2, 2, 2, 2, 2, 2, 2, 2, 2, 2, 2, 2, 2, 2, 2, 2, 2, 2, 2, 2, 2, 2, 2,...
$ Max.Notional.Cost   <dbl> 4400, -3800, 3500, -3000, 3700, -2800, 3400, 3200, 4750, 6100, 5300, 5800, 6900, 6100, 7200, 8500, 9200, 8700, 8000, 9300,...
$ Net.Trading.PL      <dbl> -600, 300, -500, -400, -900, -400, 1350, 2900, 1050, -800, 800, 1100, 1600, 1100, 800, 700, -500, 600, -100, -1200, 900, 5...
$ MAE                 <dbl> -600, -300, -650, -1000, -900, -450, -900, -100, -150, -900, -100, -600, -500, 0, -600, -1900, -700, -400, -500, -1400, -1...
$ MFE                 <dbl> 100, 800, 100, 1050, 0, 300, 1400, 3200, 2950, 1600, 900, 1100, 3100, 3900, 900, 700, 0, 600, 1400, 100, 900, 1000, 100, 3...
$ return              <dbl> -0.13636364, 0.07894737, -0.14285714, -0.13333333, -0.24324324, -0.14285714, 0.39705882, 0.90625000, 0.22105263, -0.131147...
$ Pct.MAE             <dbl> -0.13636364, -0.07894737, -0.18571429, -0.33333333, -0.24324324, -0.16071429, -0.26470588, -0.03125000, -0.03157895, -0.14...
$ Pct.MFE             <dbl> 0.02272727, 0.21052632, 0.02857143, 0.35000000, 0.00000000, 0.10714286, 0.41176471, 1.00000000, 0.62105263, 0.26229508, 0....
$ tick.Net.Trading.PL <dbl> -6.0, 3.0, -5.0, -4.0, -9.0, -4.0, 13.5, 29.0, 10.5, -8.0, 8.0, 11.0, 16.0, 11.0, 8.0, 7.0, -5.0, 6.0, -1.0, -12.0, 9.0, 5...
$ tick.MAE            <dbl> -60000, -30000, -65000, -100000, -90000, -45000, -90000, -10000, -15000, -90000, -10000, -60000, -50000, 0, -60000, -19000...
$ tick.MFE            <dbl> 10000, 80000, 10000, 105000, 0, 30000, 140000, 320000, 295000, 160000, 90000, 110000, 310000, 390000, 90000, 70000, 0, 600...
$ duration            <drtn> 1900800 secs, 4665600 secs, 1123200 secs, 4579200 secs, 777600 secs, 1641600 secs, 11750400 secs, 10281600 secs, 6134400 ...
$ tradeDays           <dbl> 17, 39, 10, 40, 8, 14, 97, 86, 52, 59, 9, 35, 81, 94, 59, 85, 18, 17, 73, 21, 74, 80, 5, 38, 18, 45, 68, 27, 115, 25, 46, ...
$ calendarDays        <dbl> 22, 54, 13, 53, 9, 19, 136, 119, 71, 82, 10, 48, 112, 131, 80, 116, 25, 22, 102, 28, 105, 113, 6, 51, 27, 64, 97, 36, 162,...
$ catName             <chr> "NoX", "DeathX", "NoX", "DeathX", "NoX", "DeathX", "NoX", "NoX", "GoldenX", "GoldenX", "NoX", "NoX", "GoldenX", "GoldenX",...
$ indicator           <chr> "SMA", "SMA", "SMA", "SMA", "EMA", "EMA", "SMA", "EMA", "SMA", "EMA", "EMA", "SMA", "SMA", "EMA", "EMA", "SMA", "SMA", "SM...
$ grp                 <int> 1, 1, 2, 2, 1, 1, 3, 2, 1, 1, 3, 4, 2, 2, 4, 5, 3, 6, 3, 4, 5, 7, 5, 4, 6, 8, 3, 9, 2, 4, 7, 10, 5, 11, 3, 6, 8, 4, 12, 9,...
$ subcatName          <chr> "NoX001SMA", "DeathX001SMA", "NoX002SMA", "DeathX002SMA", "NoX001EMA", "DeathX001EMA", "NoX003SMA", "NoX002EMA", "GoldenX0...
$ symbol              <chr> "SPL.AX", "SPL.AX", "SPL.AX", "SPL.AX", "SPL.AX", "SPL.AX", "SPL.AX", "SPL.AX", "SPL.AX", "SPL.AX", "SPL.AX", "SPL.AX", "S...
$ adjusted            <dbl> 0.450, 0.380, 0.360, 0.285, 0.330, 0.280, 0.340, 0.325, 0.475, 0.600, 0.520, 0.590, 0.700, 0.630, 0.710, 0.850, 0.920, 0.8...
$ volume              <dbl> 5000, 15800, 35700, 75930, 0, 86764, 38000, 820394, 64617, 39201, 59160, 159874, 0, 289372, 31000, 141740, 44000, 33500, 8...
$ i.adjusted          <dbl> 0.380, 0.360, 0.285, 0.340, 0.280, 0.325, 0.475, 0.600, 0.590, 0.520, 0.630, 0.700, 0.850, 0.710, 0.800, 0.920, 0.870, 0.9...
$ row                 <int> 226, 242, 280, 289, 331, 338, 328, 351, 424, 436, 494, 475, 509, 502, 595, 589, 673, 690, 653, 706, 725, 726, 805, 798, 83...
$ dayDiff             <dbl> 1, 1, 1, 3, 1, 1, 1, 1, 3, 1, 3, 1, 3, 1, 1, 3, 1, 1, 1, 1, 1, 1, 1, 1, 1, 1, 1, 1, 1, 1, 1, 1, 1, 3, 1, 1, 1, 3, 1, 1, 3,...
$ i.row               <int> 242, 280, 289, 328, 338, 351, 424, 436, 475, 494, 502, 509, 589, 595, 653, 673, 690, 706, 725, 726, 798, 805, 809, 835, 85...
$ i.dayDiff           <dbl> 1, 1, 3, 1, 1, 1, 3, 1, 1, 3, 1, 3, 3, 1, 1, 1, 1, 1, 1, 1, 1, 1, 1, 1, 1, 1, 1, 1, 1, 1, 1, 1, 3, 1, 1, 1, 3, 1, 1, 3, 1,...
$ startDate           <date> 2002-11-21, 2002-12-13, 2003-02-05, 2003-02-20, 2003-04-17, 2003-04-26, 2003-04-12, 2003-05-15, 2003-08-28, 2003-09-11, 2...
$ startOpen           <dbl> 0.460, 0.380, 0.360, 0.330, 0.370, 0.285, 0.340, 0.320, 0.475, 0.610, 0.530, 0.590, 0.700, 0.630, 0.670, 0.850, 0.900, 0.8...
$ endDate             <date> 2002-12-13, 2003-02-05, 2003-02-20, 2003-04-12, 2003-04-26, 2003-05-15, 2003-08-28, 2003-09-11, 2003-11-05, 2003-12-04, 2...
$ endOpen             <dbl>