$ Start               <dttm> 2003-04-25, 2005-04-20, 2005-12-01, 2006-04-10, 2006-05-08, 2006-09-12, 2006-12-29, 2007-03-13, 2007-08-0...
$ End                 <dttm> 2003-05-14, 2005-09-29, 2006-03-29, 2006-04-27, 2006-07-19, 2006-10-06, 2007-02-21, 2007-07-30, 2007-10-1...
$ Init.Qty            <dbl> -1000, -1000, -1000, -1000, -1000, -1000, -1000, -1000, -1000, -1000, -1000, -1000, -1000, -1000, -1000, -...
$ Init.Pos            <dbl> -1000, -1000, -1000, -1000, -1000, -1000, -1000, -1000, -1000, -1000, -1000, -1000, -1000, -1000, -1000, -...
$ Max.Pos             <dbl> -1000, -1000, -1000, -1000, -1000, -1000, -1000, -1000, -1000, -1000, -1000, -1000, -1000, -1000, -1000, -...
$ End.Pos             <dbl> 0, 0, 0, 0, 0, 0, 0, 0, 0, 0, 0, 0, 0, 0, 0, 0, 0, 0, 0, 0, 0, 0, 0, 0, 0, 0, 0, 0, 0, 0, 0, 0, 0, 0, 0, 0...
$ Closing.Txn.Qty     <dbl> 1000, 1000, 1000, 1000, 1000, 1000, 1000, 1000, 1000, 1000, 1000, 1000, 1000, 1000, 1000, 1000, 1000, 1000...
$ Num.Txns            <int> 2, 2, 2, 2, 2, 2, 2, 2, 2, 2, 2, 2, 2, 2, 2, 2, 2, 2, 2, 2, 2, 2, 2, 2, 2, 2, 2, 2, 2, 2, 2, 2, 2, 2, 2, 2...
$ Max.Notional.Cost   <dbl> -280, -650, -550, -495, -490, -455, -470, -460, -390, -360, -310, -330, -340, -330, -255, -270, -510, -113...
$ Net.Trading.PL      <dbl> -40, 40, 25, -10, 15, -55, -60, 60, -40, 0, -40, 5, -15, 50, -20, 20, -40, 150, 85, -150, 140, -20, -100, ...
$ MAE                 <dbl> -45, 0, -20, -25, 0, -95, -60, 0, -40, -40, -45, -20, -15, 0, -40, 0, -65, -230, -10, -150, -30, -25, -100...
$ MFE                 <dbl> 30, 220, 115, 15, 130, 30, 30, 95, 70, 35, 40, 5, 0, 100, 15, 105, 30, 350, 235, 160, 230, 90, 15, 5, 0, 6...
$ Pct.Net.Trading.PL  <dbl> -0.14285714, 0.06153846, 0.04545455, -0.02020202, 0.03061224, -0.12087912, -0.12765957, 0.13043478, -0.102...
$ Pct.MAE             <dbl> -0.16071429, 0.00000000, -0.03636364, -0.05050505, 0.00000000, -0.20879121, -0.12765957, 0.00000000, -0.10...
$ Pct.MFE             <dbl> 0.10714286, 0.33846154, 0.20909091, 0.03030303, 0.26530612, 0.06593407, 0.06382979, 0.20652174, 0.17948718...
$ tick.Net.Trading.PL <dbl> -4.0, 4.0, 2.5, -1.0, 1.5, -5.5, -6.0, 6.0, -4.0, 0.0, -4.0, 0.5, -1.5, 5.0, -2.0, 2.0, -4.0, 15.0, 8.5, -...
$ tick.MAE            <dbl> -4500, 0, -2000, -2500, 0, -9500, -6000, 0, -4000, -4000, -4500, -2000, -1500, 0, -4000, 0, -6500, -23000,...
$ tick.MFE            <dbl> 3000, 22000, 11500, 1500, 13000, 3000, 3000, 9500, 7000, 3500, 4000, 500, 0, 10000, 1500, 10500, 3000, 350...
$ duration            <drtn> 1641600 secs, 13996800 secs, 10195200 secs, 1468800 secs, 6220800 secs, 2073600 secs, 4665600 secs, 12009...
$ tradeDays           <dbl> 14, 115, 81, 11, 52, 19, 37, 96, 56, 54, 47, 2, 2, 72, 14, 94, 25, 146, 114, 77, 108, 34, 23, 10, 7, 25, 5...
$ calendarDays        <dbl> 19, 162, 118, 17, 72, 24, 54, 139, 77, 81, 69, 1, 1, 102, 17, 135, 35, 213, 165, 112, 155, 49, 30, 11, 10,...
$ catName             <chr> "DeathX", "DeathX", "DeathX", "DeathX", "DeathX", "DeathX", "DeathX", "DeathX", "DeathX", "DeathX", "Death...
$ indicator           <chr> "EMA", "EMA", "EMA", "EMA", "EMA", "EMA", "EMA", "EMA", "EMA", "EMA", "EMA", "EMA", "EMA", "EMA", "EMA", "...
$ grp                 <int> 1, 2, 3, 4, 5, 6, 7, 8, 9, 10, 11, 12, 13, 14, 15, 16, 17, 18, 19, 20, 21, 22, 23, 24, 25, 26, 27, 28, 29,...
$ subcatName          <chr> "DeathX001EMA", "DeathX002EMA", "DeathX003EMA", "DeathX004EMA", "DeathX005EMA", "DeathX006EMA", "DeathX007...
$ open                <dbl> 0.280, 0.650, 0.550, 0.495, 0.490, 0.455, 0.470, 0.460, 0.390, 0.360, 0.310, 0.330, 0.340, 0.330, 0.255, 0...
$ i.open              <dbl> 0.320, 0.610, 0.525, 0.505, 0.475, 0.510, 0.530, 0.400, 0.430, 0.360, 0.350, 0.325, 0.355, 0.280, 0.275, 0...